snak	n	cum	cump
Q2374149	4567	4567	0.3134738142631615
Q2083925	717	5284	0.36268789896355275
Q1622272	576	5860	0.402223900061775
Q2487799	563	6423	0.44086759557965544
Q1650915	511	6934	0.47594206877616857
Q3055126	498	7432	0.51012423639234
Q15924544	447	7879	0.5408058205779395
Q37226	412	8291	0.5690850435856957
Q11900058	375	8666	0.5948246276340174
Q350979	368	9034	0.6200837394467705
Q39631	306	9340	0.6410872400302011
Q864503	252	9592	0.6583842405106733
Q105186	227	9819	0.6739652687212575
Q18805	216	10035	0.6887912691330909
Q36180	199	10234	0.7024504084014003
Q16334507	189	10423	0.7154231587617544
Q674426	167	10590	0.726885853524607
Q82955	142	10732	0.7366325760175716
Q1225716	137	10869	0.7460361040565584
Q121594	129	10998	0.7548905209691812
Q520549	129	11127	0.7637449378818039
Q16334509	116	11243	0.7717070492140847
Q1662561	101	11344	0.7786395771844327
Q15839134	98	11442	0.7853661884823941
Q4205432	85	11527	0.7912004942000137
Q33231	76	11603	0.7964170499004736
Q1781198	72	11675	0.8013590500377514
Q901402	67	11742	0.8059578557210515
Q4773904	65	11807	0.8104193836227607
Q16271261	62	11869	0.8146749948520832
Q593644	61	11930	0.8188619671906102
Q19507792	55	11985	0.822637106184364
Q42603	55	12040	0.826412245178118
Q16271064	54	12094	0.8301187452810762
Q17344952	53	12147	0.833756606493239
Q758780	53	12200	0.8373944677054019
Q81096	47	12247	0.8406204955727915
Q109120509	46	12293	0.8437778845493857
Q1895303	46	12339	0.8469352735259799
Q1907198	42	12381	0.8498181069393919
Q3140857	38	12419	0.8524263847896218
Q3148760	38	12457	0.8550346626398517
Q3621491	38	12495	0.8576429404900817
Q774306	37	12532	0.8601825794495161
Q16868721	36	12568	0.862653579518155
Q3640160	36	12604	0.8651245795867939
Q1028181	35	12639	0.8675269407646372
Q12358881	34	12673	0.8698606630516851
Q219477	34	12707	0.872194385338733
Q131512	31	12738	0.8743221909533941
Q1930187	31	12769	0.8764499965680554
Q644687	31	12800	0.8785778021827167
Q901	29	12829	0.8805683300157869
Q201788	27	12856	0.8824215800672661
Q3243461	27	12883	0.8842748301187453
Q5758653	27	12910	0.8861280801702245
Q47064	26	12936	0.8879126913309081
Q40348	25	12961	0.8896286636007962
Q14467526	24	12985	0.8912759969798888
Q1607826	24	13009	0.8929233303589814
Q182436	24	13033	0.894570663738074
Q497294	24	13057	0.8962179971171665
Q189290	23	13080	0.8977966916054636
Q193391	22	13102	0.8993067472029652
Q333634	22	13124	0.9008168028004667
Q4964182	22	13146	0.9023268583979683
Q49757	22	13168	0.9038369139954698
Q1056391	21	13189	0.9052783307021759
Q169470	20	13209	0.9066511085180864
Q212238	20	13229	0.9080238863339969
Q22813352	20	13249	0.9093966641499074
Q13416354	19	13268	0.9107008030750223
Q3126128	19	13287	0.9120049420001373
Q1231865	18	13305	0.9132404420344568
Q33112416	18	13323	0.9144759420687761
Q98544732	18	13341	0.9157114421030956
Q185351	17	13358	0.9168783032466196
Q1234713	16	13374	0.9179765254993479
Q3746192	16	13390	0.9190747477520763
Q43845	16	13406	0.9201729700048047
Q2310145	15	13421	0.9212025533667376
Q30059961	15	13436	0.9222321367286704
Q446966	15	13451	0.9232617200906034
Q13418253	14	13465	0.9242226645617407
Q15296811	14	13479	0.925183609032878
Q2055046	14	13493	0.9261445535040154
Q250867	14	13507	0.9271054979751527
Q32518759	14	13521	0.9280664424462901
Q3779582	14	13535	0.9290273869174274
Q482980	14	13549	0.9299883313885647
Q483501	14	13563	0.9309492758597021
Q15980158	13	13576	0.9318415814400439
Q16063497	13	13589	0.9327338870203857
Q170790	13	13602	0.9336261926007275
Q1734662	13	13615	0.9345184981810694
Q1937330	13	13628	0.9354108037614112
Q3578589	13	13641	0.9363031093417531
Q9149093	13	13654	0.9371954149220949
Q215536	12	13666	0.9380190816116412
Q3400985	12	13678	0.9388427483011874
Q42973	12	13690	0.9396664149907338
Q10333969	11	13701	0.9404214427894845
Q10872101	11	13712	0.9411764705882353
Q10498147	10	13722	0.9418628594961905
Q1371378	10	13732	0.9425492484041458
Q2114605	10	13742	0.943235637312101
Q3745071	10	13752	0.9439220262200563
Q780596	10	13762	0.9446084151280115
Q27349	9	13771	0.9452261651451712
Q462390	9	13780	0.945843915162331
Q13382749	8	13788	0.9463930262886951
Q16533	8	13796	0.9469421374150594
Q188094	8	13804	0.9474912485414235
Q10272925	7	13811	0.9479717207769922
Q12347522	7	13818	0.9484521930125609
Q12773412	7	13825	0.9489326652481296
Q17765219	7	13832	0.9494131374836983
Q3546255	7	13839	0.949893609719267
Q11741162	6	13845	0.9503054430640401
Q14972848	6	13851	0.9507172764088132
Q18814623	6	13857	0.9511291097535863
Q2462658	6	13863	0.9515409430983596
Q27924982	6	13869	0.9519527764431327
Q4002666	6	13875	0.9523646097879058
Q43095928	6	13881	0.952776443132679
Q876864	6	13887	0.9531882764774521
Q11063	5	13892	0.9535314709314298
Q12362622	5	13897	0.9538746653854073
Q131524	5	13902	0.954217859839385
Q1595570	5	13907	0.9545610542933626
Q16831394	5	13912	0.9549042487473403
Q202883	5	13917	0.9552474432013178
Q20650437	5	13922	0.9555906376552955
Q247797	5	13927	0.9559338321092731
Q2516866	5	13932	0.9562770265632508
Q294126	5	13937	0.9566202210172283
Q38126150	5	13942	0.956963415471206
Q974144	5	13947	0.9573066099251836
Q1162163	4	13951	0.9575811654883657
Q118727241	4	13955	0.9578557210515478
Q13582652	4	13959	0.9581302766147299
Q152002	4	13963	0.9584048321779121
Q15924224	4	13967	0.9586793877410941
Q16831721	4	13971	0.9589539433042762
Q179985	4	13975	0.9592284988674583
Q19961388	4	13979	0.9595030544306404
Q21281706	4	13983	0.9597776099938224
Q212980	4	13987	0.9600521655570046
Q2306091	4	13991	0.9603267211201867
Q2526255	4	13995	0.9606012766833688
Q27532437	4	13999	0.9608758322465509
Q27645949	4	14003	0.9611503878097329
Q28004591	4	14007	0.9614249433729151
Q2919046	4	14011	0.9616994989360972
Q3391743	4	14015	0.9619740544992793
Q33999	4	14019	0.9622486100624614
Q45199	4	14023	0.9625231656256434
Q47090899	4	14027	0.9627977211888256
Q599151	4	14031	0.9630722767520077
Q6625963	4	14035	0.9633468323151898
Q685433	4	14039	0.9636213878783719
Q860918	4	14043	0.9638959434415539
Q864380	4	14047	0.9641704990047361
Q10509151	3	14050	0.9643764156771226
Q10669499	3	14053	0.9645823323495092
Q1113838	3	14056	0.9647882490218959
Q1326886	3	14059	0.9649941656942824
Q14089670	3	14062	0.965200082366669
Q15472169	3	14065	0.9654059990390556
Q15623737	3	14068	0.9656119157114421
Q15627169	3	14071	0.9658178323838287
Q15816836	3	14074	0.9660237490562152
Q15839136	3	14077	0.9662296657286018
Q15936497	3	14080	0.9664355824009884
Q16021386	3	14083	0.9666414990733749
Q16060693	3	14086	0.9668474157457615
Q16063546	3	14089	0.9670533324181482
Q16258947	3	14092	0.9672592490905347
Q16755977	3	14095	0.9674651657629213
Q17001795	3	14098	0.9676710824353079
Q17269204	3	14101	0.9678769991076944
Q17488316	3	14104	0.968082915780081
Q17505902	3	14107	0.9682888324524676
Q1792450	3	14110	0.9684947491248541
Q18245236	3	14113	0.9687006657972407
Q18524075	3	14116	0.9689065824696272
Q18844224	3	14119	0.9691124991420139
Q1906857	3	14122	0.9693184158144005
Q1925963	3	14125	0.969524332486787
Q2024200	3	14128	0.9697302491591736
Q21244999	3	14131	0.9699361658315602
Q21550888	3	14134	0.9701420825039467
Q2251335	3	14137	0.9703479991763333
Q26271631	3	14140	0.9705539158487199
Q2640827	3	14143	0.9707598325211064
Q2732142	3	14146	0.970965749193493
Q27497422	3	14149	0.9711716658658796
Q3029418	3	14152	0.9713775825382662
Q329439	3	14155	0.9715834992106528
Q3368718	3	14158	0.9717894158830394
Q3579035	3	14161	0.9719953325554259
Q372436	3	14164	0.9722012492278125
Q38687772	3	14167	0.972407165900199
Q42296463	3	14170	0.9726130825725856
Q47825396	3	14173	0.9728189992449722
Q4991371	3	14176	0.9730249159173587
Q6051619	3	14179	0.9732308325897453
Q63146541	3	14182	0.973436749262132
Q635734	3	14185	0.9736426659345185
Q66310338	3	14188	0.9738485826069051
Q765778	3	14191	0.9740544992792917
Q783906	3	14194	0.9742604159516782
Q7940086	3	14197	0.9744663326240648
Q806798	3	14200	0.9746722492964514
Q8963721	3	14203	0.9748781659688379
Q955464	3	14206	0.9750840826412245
Q10295465	2	14208	0.9752213604228156
Q10429346	2	14210	0.9753586382044066
Q10547393	2	14212	0.9754959159859977
Q106462696	2	14214	0.9756331937675887
Q10732476	2	14216	0.9757704715491797
Q111811692	2	14218	0.9759077493307708
Q1266283	2	14220	0.9760450271123619
Q1281618	2	14222	0.976182304893953
Q1308620	2	14224	0.976319582675544
Q13416803	2	14226	0.976456860457135
Q13638192	2	14228	0.9765941382387261
Q1423891	2	14230	0.9767314160203171
Q15255771	2	14232	0.9768686938019082
Q1568338	2	14234	0.9770059715834992
Q1569495	2	14236	0.9771432493650902
Q16267607	2	14238	0.9772805271466813
Q16529590	2	14240	0.9774178049282723
Q1706722	2	14242	0.9775550827098634
Q1714828	2	14244	0.9776923604914545
Q175151	2	14246	0.9778296382730455
Q18176481	2	14248	0.9779669160546366
Q193364	2	14250	0.9781041938362276
Q2000124	2	14252	0.9782414716178186
Q211346	2	14254	0.9783787493994097
Q21491495	2	14256	0.9785160271810007
Q21771805	2	14258	0.9786533049625918
Q2259532	2	14260	0.9787905827441828
Q23038410	2	14262	0.9789278605257739
Q23833535	2	14264	0.979065138307365
Q24040377	2	14266	0.979202416088956
Q2815948	2	14268	0.9793396938705471
Q28319434	2	14270	0.9794769716521381
Q28692502	2	14272	0.9796142494337291
Q29958026	2	14274	0.9797515272153202
Q3075052	2	14276	0.9798888049969112
Q3242115	2	14278	0.9800260827785023
Q325855	2	14280	0.9801633605600933
Q3282637	2	14282	0.9803006383416843
Q32947888	2	14284	0.9804379161232755
Q3486937	2	14286	0.9805751939048665
Q36834	2	14288	0.9807124716864576
Q37868118	2	14290	0.9808497494680486
Q39372574	2	14292	0.9809870272496396
Q4263842	2	14294	0.9811243050312307
Q4504549	2	14296	0.9812615828128217
Q48282	2	14298	0.9813988605944128
Q4853732	2	14300	0.9815361383760038
Q50998292	2	14302	0.9816734161575948
Q5322166	2	14304	0.981810693939186
Q548320	2	14306	0.981947971720777
Q55982999	2	14308	0.9820852495023681
Q5669847	2	14310	0.9822225272839591
Q589298	2	14312	0.9823598050655501
Q60244908	2	14314	0.9824970828471412
Q60441566	2	14316	0.9826343606287322
Q639669	2	14318	0.9827716384103233
Q6606110	2	14320	0.9829089161919143
Q66711686	2	14322	0.9830461939735053
Q720362	2	14324	0.9831834717550965
Q7234072	2	14326	0.9833207495366875
Q7888586	2	14328	0.9834580273182786
Q811620	2	14330	0.9835953050998696
Q8246794	2	14332	0.9837325828814606
Q82594	2	14334	0.9838698606630517
Q88106941	2	14336	0.9840071384446427
Q897317	2	14338	0.9841444162262338
Q911554	2	14340	0.9842816940078248
Q101419594	1	14341	0.9843503328986204
Q1021671	1	14342	0.9844189717894158
Q1039099	1	14343	0.9844876106802114
Q104415906	1	14344	0.984556249571007
Q104629540	1	14345	0.9846248884618024
Q104680	1	14346	0.984693527352598
Q105756071	1	14347	0.9847621662433935
Q10655125	1	14348	0.9848308051341891
Q10655178	1	14349	0.9848994440249845
Q10694573	1	14350	0.9849680829157801
Q10728636	1	14351	0.9850367218065756
Q108300820	1	14352	0.9851053606973711
Q108439375	1	14353	0.9851739995881666
Q108614246	1	14354	0.9852426384789622
Q10866633	1	14355	0.9853112773697577
Q1104153	1	14356	0.9853799162605532
Q110464255	1	14357	0.9854485551513488
Q11051391	1	14358	0.9855171940421443
Q110853168	1	14359	0.9855858329329398
Q110861666	1	14360	0.9856544718237353
Q1114448	1	14361	0.9857231107145309
Q112234369	1	14362	0.9857917496053263
Q1125292	1	14363	0.9858603884961219
Q1131236	1	14364	0.9859290273869175
Q113445820	1	14365	0.9859976662777129
Q113623892	1	14366	0.9860663051685085
Q1138244	1	14367	0.986134944059304
Q114321034	1	14368	0.9862035829500996
Q11494960	1	14369	0.986272221840895
Q11513337	1	14370	0.9863408607316906
Q116	1	14371	0.9864094996224861
Q11710359	1	14372	0.9864781385132816
Q11774202	1	14373	0.9865467774040771
Q1181984	1	14374	0.9866154162948727
Q11971378	1	14375	0.9866840551856682
Q12020057	1	14376	0.9867526940764637
Q12144794	1	14377	0.9868213329672593
Q1229025	1	14378	0.9868899718580548
Q12360779	1	14379	0.9869586107488503
Q12794619	1	14380	0.9870272496396458
Q1327627	1	14381	0.9870958885304414
Q13381572	1	14382	0.9871645274212368
Q13382608	1	14383	0.9872331663120324
Q1350189	1	14384	0.987301805202828
Q13570226	1	14385	0.9873704440936234
Q13590141	1	14386	0.987439082984419
Q13636225	1	14387	0.9875077218752145
Q1397808	1	14388	0.9875763607660101
Q14009165	1	14389	0.9876449996568055
Q1402736	1	14390	0.9877136385476011
Q1424605	1	14391	0.9877822774383966
Q1437754	1	14392	0.9878509163291921
Q1454940	1	14393	0.9879195552199876
Q1459149	1	14394	0.9879881941107832
Q1475726	1	14395	0.9880568330015786
Q1479935	1	14396	0.9881254718923742
Q1483709	1	14397	0.9881941107831698
Q14906342	1	14398	0.9882627496739653
Q1491183	1	14399	0.9883313885647608
Q14915627	1	14400	0.9884000274555563
Q152355	1	14401	0.9884686663463519
Q154549	1	14402	0.9885373052371473
Q15462162	1	14403	0.9886059441279429
Q155647	1	14404	0.9886745830187385
Q1558050	1	14405	0.9887432219095339
Q15634281	1	14406	0.9888118608003295
Q156839	1	14407	0.988880499691125
Q157798	1	14408	0.9889491385819205
Q15839206	1	14409	0.989017777472716
Q15972912	1	14410	0.9890864163635116
Q15991218	1	14411	0.9891550552543071
Q16037036	1	14412	0.9892236941451026
Q16101735	1	14413	0.9892923330358981
Q161944	1	14414	0.9893609719266937
Q1627196	1	14415	0.9894296108174891
Q16308156	1	14416	0.9894982497082847
Q16323111	1	14417	0.9895668885990803
Q1657500	1	14418	0.9896355274898757
Q16742096	1	14419	0.9897041663806713
Q16825962	1	14420	0.9897728052714668
Q1690874	1	14421	0.9898414441622624
Q1718016	1	14422	0.9899100830530578
Q1731155	1	14423	0.9899787219438534
Q17351648	1	14424	0.990047360834649
Q174592	1	14425	0.9901159997254444
Q17488392	1	14426	0.99018463861624
Q1751254	1	14427	0.9902532775070355
Q18120029	1	14428	0.990321916397831
Q1815782	1	14429	0.9903905552886265
Q18242306	1	14430	0.9904591941794221
Q18342390	1	14431	0.9905278330702176
Q1840507	1	14432	0.9905964719610131
Q188958	1	14433	0.9906651108518086
Q189010	1	14434	0.9907337497426042
Q1897112	1	14435	0.9908023886333996
Q19356916	1	14436	0.9908710275241952
Q1958649	1	14437	0.9909396664149908
Q1979607	1	14438	0.9910083053057862
Q19798999	1	14439	0.9910769441965818
Q205375	1	14440	0.9911455830873773
Q2066131	1	14441	0.9912142219781729
Q207978	1	14442	0.9912828608689683
Q20857490	1	14443	0.9913514997597639
Q208762	1	14444	0.9914201386505594
Q2088877	1	14445	0.9914887775413549
Q2095549	1	14446	0.9915574164321505
Q21141408	1	14447	0.991626055322946
Q21272406	1	14448	0.9916946942137415
Q2135538	1	14449	0.991763333104537
Q21484199	1	14450	0.9918319719953326
Q214917	1	14451	0.9919006108861281
Q21546358	1	14452	0.9919692497769236
Q21591523	1	14453	0.9920378886677191
Q2180295	1	14454	0.9921065275585147
Q219184	1	14455	0.9921751664493101
Q222344	1	14456	0.9922438053401057
Q2248623	1	14457	0.9923124442309013
Q23498	1	14458	0.9923810831216967
Q2405480	1	14459	0.9924497220124923
Q24262584	1	14460	0.9925183609032878
Q2443377	1	14461	0.9925869997940834
Q2447386	1	14462	0.9926556386848788
Q2478141	1	14463	0.9927242775756744
Q2490358	1	14464	0.9927929164664699
Q2504617	1	14465	0.9928615553572654
Q25051941	1	14466	0.992930194248061
Q25393460	1	14467	0.9929988331388565
Q264323	1	14468	0.993067472029652
Q267640	1	14469	0.9931361109204475
Q26848923	1	14470	0.9932047498112431
Q26936818	1	14471	0.9932733887020386
Q270141	1	14472	0.9933420275928341
Q27214348	1	14473	0.9934106664836296
Q2730732	1	14474	0.9934793053744252
Q27496075	1	14475	0.9935479442652206
Q2775569	1	14476	0.9936165831560162
Q2800373	1	14477	0.9936852220468118
Q28136886	1	14478	0.9937538609376072
Q28389	1	14479	0.9938224998284028
Q28466165	1	14480	0.9938911387191983
Q2855502	1	14481	0.9939597776099939
Q29169143	1	14482	0.9940284165007893
Q2930613	1	14483	0.9940970553915849
Q2957754	1	14484	0.9941656942823804
Q2961975	1	14485	0.9942343331731759
Q3029404	1	14486	0.9943029720639714
Q3029407	1	14487	0.994371610954767
Q326653	1	14488	0.9944402498455625
Q33083143	1	14489	0.994508888736358
Q3315492	1	14490	0.9945775276271536
Q3406827	1	14491	0.994646166517949
Q3406834	1	14492	0.9947148054087446
Q3408848	1	14493	0.9947834442995401
Q3409375	1	14494	0.9948520831903357
Q34463094	1	14495	0.9949207220811311
Q35535	1	14496	0.9949893609719267
Q3756713	1	14497	0.9950579998627223
Q37987929	1	14498	0.9951266387535177
Q382617	1	14499	0.9951952776443133
Q384593	1	14500	0.9952639165351088
Q388338	1	14501	0.9953325554259043
Q392651	1	14502	0.9954011943166998
Q4070300	1	14503	0.9954698332074954
Q41493761	1	14504	0.9955384720982909
Q41583	1	14505	0.9956071109890864
Q418	1	14506	0.9956757498798819
Q42331263	1	14507	0.9957443887706775
Q42510715	1	14508	0.995813027661473
Q42909	1	14509	0.9958816665522685
Q4459623	1	14510	0.9959503054430641
Q45023940	1	14511	0.9960189443338595
Q45052431	1	14512	0.9960875832246551
Q4588801	1	14513	0.9961562221154506
Q46540766	1	14514	0.9962248610062462
Q46926120	1	14515	0.9962934998970416
Q47004387	1	14516	0.9963621387878372
Q47462924	1	14517	0.9964307776786328
Q47529145	1	14518	0.9964994165694282
Q47670178	1	14519	0.9965680554602238
Q499134	1	14520	0.9966366943510193
Q500251	1	14521	0.9967053332418148
Q50118159	1	14522	0.9967739721326103
Q50418136	1	14523	0.9968426110234059
Q51073295	1	14524	0.9969112499142014
Q5116158	1	14525	0.9969798888049969
Q52769526	1	14526	0.9970485276957924
Q5482740	1	14527	0.997117166586588
Q55630100	1	14528	0.9971858054773834
Q56224063	1	14529	0.997254444368179
Q56447380	1	14530	0.9973230832589746
Q5716684	1	14531	0.99739172214977
Q57774874	1	14532	0.9974603610405656
Q57972483	1	14533	0.9975289999313611
Q59212140	1	14534	0.9975976388221567
Q59294814	1	14535	0.9976662777129521
Q59779979	1	14536	0.9977349166037477
Q600751	1	14537	0.9978035554945432
Q613097	1	14538	0.9978721943853387
Q61745762	1	14539	0.9979408332761343
Q64416359	1	14540	0.9980094721669298
Q6491450	1	14541	0.9980781110577253
Q66495020	1	14542	0.9981467499485208
Q7042855	1	14543	0.9982153888393164
Q7063944	1	14544	0.9982840277301119
Q71102034	1	14545	0.9983526666209074
Q71133019	1	14546	0.9984213055117029
Q7156771	1	14547	0.9984899444024985
Q728425	1	14548	0.9985585832932939
Q7313543	1	14549	0.9986272221840895
Q733786	1	14550	0.9986958610748851
Q738142	1	14551	0.9987644999656805
Q7541856	1	14552	0.9988331388564761
Q755070	1	14553	0.9989017777472716
Q7643464	1	14554	0.9989704166380672
Q76928813	1	14555	0.9990390555288626
Q80687	1	14556	0.9991076944196582
Q829020	1	14557	0.9991763333104537
Q829064	1	14558	0.9992449722012492
Q836904	1	14559	0.9993136110920448
Q852389	1	14560	0.9993822499828403
Q88114244	1	14561	0.9994508888736358
Q93469866	1	14562	0.9995195277644313
Q937857	1	14563	0.9995881666552269
Q947873	1	14564	0.9996568055460224
Q96061710	1	14565	0.9997254444368179
Q96943145	1	14566	0.9997940833276134
Q97578346	1	14567	0.999862722218409
Q98833890	1	14568	0.9999313611092044
Q99439671	1	14569	1
