snak	n	cum	cump
Q2374149	5798	5798	0.2168368300983582
Q2083925	2146	7944	0.2970941321664984
Q3055126	1522	9466	0.35401473503122777
Q350979	1233	10699	0.40012715509181346
Q1622272	1060	11759	0.43976962489247917
Q11900058	712	12471	0.46639739706047345
Q18805	634	13105	0.49010808182804144
Q37226	615	13720	0.5131081940237107
Q2487799	559	14279	0.5340139870600995
Q1225716	535	14814	0.5540222147425109
Q39631	519	15333	0.5734320655222709
Q36180	477	15810	0.5912711769325704
Q864503	467	16277	0.6087363027787127
Q674426	357	16634	0.6220875874191256
Q1650915	326	16960	0.6342795168106511
Q109120509	308	17268	0.6457982721866936
Q520549	293	17561	0.6567560492165002
Q1662561	289	17850	0.667564232020644
Q82955	249	18099	0.6768764725681589
Q105186	239	18338	0.6858147275515165
Q98544732	238	18576	0.6947155839784585
Q15924544	218	18794	0.7028684692770859
Q19507792	216	19010	0.7109465574628819
Q16334507	214	19224	0.7189498485358465
Q33231	196	19420	0.7262799655933281
Q4205432	190	19610	0.7333856913123153
Q16271261	173	19783	0.7398556415722353
Q121594	161	19944	0.7458768091551666
Q497294	157	20101	0.751748382512435
Q15839134	156	20257	0.7575825573132877
Q4773904	156	20413	0.7634167321141404
Q16271064	154	20567	0.7691761098021617
Q16334509	140	20707	0.7744119077003627
Q3243461	121	20828	0.7789371330266651
Q901402	117	20945	0.7833127641273047
Q3148760	116	21061	0.7876509966715285
Q1028181	111	21172	0.7918022364336736
Q3640160	95	21267	0.7953550992931673
Q1907198	94	21361	0.7988705635962452
Q3140857	93	21454	0.8023486293429074
Q758780	90	21544	0.8057144994203224
Q593644	89	21633	0.8090429709413217
Q3621491	87	21720	0.8122966453494895
Q12358881	86	21806	0.8155129212012416
Q42603	86	21892	0.8187291970529937
Q17344952	84	21976	0.8218706757919144
Q1781198	84	22060	0.8250121545308351
Q1895303	77	22137	0.8278918433748458
Q16868721	74	22211	0.8306593365496092
Q219477	74	22285	0.8334268297243727
Q16831394	69	22354	0.8360073301170575
Q189290	69	22423	0.8385878305097423
Q81096	68	22491	0.8411309323460114
Q182436	66	22557	0.8435992370694492
Q1930187	66	22623	0.8460675417928868
Q201788	66	22689	0.8485358465163245
Q1607826	61	22750	0.8508171584576836
Q193391	61	22811	0.8530984703990426
Q774306	59	22870	0.8553049852275703
Q40348	57	22927	0.8574367029432663
Q43845	57	22984	0.8595684206589626
Q333634	55	23039	0.8616253412618273
Q3746192	55	23094	0.863682261864692
Q131512	54	23148	0.865701783911141
Q644687	54	23202	0.86772130595759
Q15980158	51	23253	0.8696286323347919
Q49757	50	23303	0.871498560155578
Q43095928	49	23352	0.8733310894199484
Q3126128	48	23400	0.8751262201279031
Q5758653	48	23448	0.8769213508358578
Q47064	46	23494	0.878641684430981
Q483501	45	23539	0.8803246194696884
Q13416354	43	23582	0.8819327573955645
Q212238	42	23624	0.8835034967650248
Q3578589	41	23665	0.8850368375780695
Q12773412	40	23705	0.8865327798346984
Q22813352	40	23745	0.8880287220913273
Q901	40	23785	0.8895246643479562
Q1371378	39	23824	0.8909832080481693
Q30059961	39	23863	0.8924417517483825
Q11741162	37	23900	0.8938254983357642
Q14467526	37	23937	0.895209244923146
Q4964182	37	23974	0.8965929915105277
Q3400985	36	24010	0.8979393395414937
Q169470	35	24045	0.899248289016044
Q1231865	33	24078	0.9004824413777628
Q10872101	32	24110	0.9016791951830659
Q1234713	32	24142	0.9028759489883691
Q17765219	32	24174	0.9040727027936721
Q3779582	32	24206	0.9052694565989753
Q9149093	32	24238	0.9064662104042784
Q2055046	31	24269	0.9076255656531658
Q4991371	31	24300	0.9087849209020532
Q1056391	30	24330	0.9099068775945248
Q16060693	30	24360	0.9110288342869965
Q15296811	28	24388	0.9120759938666367
Q1734662	28	24416	0.9131231534462769
Q482980	28	24444	0.9141703130259172
Q185351	27	24471	0.9151800740491417
Q250867	27	24498	0.9161898350723662
Q170790	25	24523	0.9171247989827592
Q2310145	24	24547	0.9180223643367366
Q33112416	23	24570	0.9188825311342982
Q3745071	23	24593	0.9197426979318598
Q215536	22	24615	0.9205654661730057
Q12347522	21	24636	0.9213508358577359
Q42973	21	24657	0.9221362055424661
Q10498147	20	24677	0.9228841766707805
Q3546255	19	24696	0.9235947492426793
Q16063497	18	24714	0.9242679232581622
Q1937330	18	24732	0.9249410972736453
Q32518759	18	24750	0.9256142712891282
Q10669499	17	24767	0.9262500467481956
Q12362622	17	24784	0.9268858222072628
Q16533	17	24801	0.9275215976663301
Q18814623	17	24818	0.9281573731253974
Q27532437	17	24835	0.9287931485844646
Q446966	17	24852	0.929428924043532
Q10333969	16	24868	0.9300273009461835
Q11063	16	24884	0.930625677848835
Q15816836	16	24900	0.9312240547514866
Q47090899	16	24916	0.9318224316541381
Q202883	15	24931	0.932383410000374
Q27924982	15	24946	0.9329443883466099
Q4002666	15	24961	0.9335053666928457
Q1162163	14	24975	0.9340289464826658
Q13418253	14	24989	0.9345525262724859
Q2114844	14	25003	0.935076106062306
Q294126	14	25017	0.9355996858521262
Q974144	14	25031	0.9361232656419463
Q13382749	13	25044	0.9366094468753506
Q188094	13	25057	0.937095628108755
Q3368718	13	25070	0.9375818093421594
Q63146541	13	25083	0.9380679905755638
Q806798	13	25096	0.9385541718089682
Q10272925	12	25108	0.9390029544859568
Q27349	12	25120	0.9394517371629455
Q462390	12	25132	0.9399005198399342
Q13582652	11	25143	0.9403119039605071
Q1714828	11	25154	0.9407232880810801
Q1792450	11	25165	0.941134672201653
Q2114605	11	25176	0.941546056322226
Q2251335	11	25187	0.9419574404427989
Q110861666	10	25197	0.9423314260069562
Q152002	10	25207	0.9427054115711133
Q15839136	10	25217	0.9430793971352706
Q17488316	10	25227	0.9434533826994278
Q17505902	10	25237	0.943827368263585
Q19798999	10	25247	0.9442013538277423
Q20650437	10	25257	0.9445753393918995
Q2815948	10	25267	0.9449493249560567
Q45199	10	25277	0.9453233105202139
Q131524	9	25286	0.9456598975279554
Q15253558	9	25295	0.945996484535697
Q16831721	9	25304	0.9463330715434384
Q186360	9	25313	0.9466696585511799
Q18939491	9	25322	0.9470062455589214
Q205375	9	25331	0.947342832566663
Q2259532	9	25340	0.9476794195744044
Q2462658	9	25349	0.9480160065821459
Q2516866	9	25358	0.9483525935898874
Q2526255	9	25367	0.948689180597629
Q27830713	9	25376	0.9490257676053704
Q325855	9	25385	0.9493623546131119
Q60244908	9	25394	0.9496989416208534
Q860918	9	25403	0.950035528628595
Q1568338	8	25411	0.9503347170799207
Q16742175	8	25419	0.9506339055312465
Q17001795	8	25427	0.9509330939825723
Q17269204	8	25435	0.951232282433898
Q1818899	8	25443	0.9515314708852238
Q21244999	8	25451	0.9518306593365496
Q21281706	8	25459	0.9521298477878753
Q27497422	8	25467	0.9524290362392012
Q3579035	8	25475	0.952728224690527
Q4853732	8	25483	0.9530274131418527
Q5405633	8	25491	0.9533266015931785
Q639669	8	25499	0.9536257900445043
Q6625963	8	25507	0.95392497849583
Q66310338	8	25515	0.9542241669471558
Q738142	8	25523	0.9545233553984817
Q876864	8	25531	0.9548225438498074
Q118727241	7	25538	0.9550843337447175
Q12774499	7	25545	0.9553461236396276
Q1281618	7	25552	0.9556079135345376
Q13638192	7	25559	0.9558697034294477
Q14972848	7	25566	0.9561314933243577
Q1595570	7	25573	0.9563932832192678
Q16532929	7	25580	0.9566550731141777
Q16947657	7	25587	0.9569168630090878
Q18624170	7	25594	0.957178652903998
Q21550888	7	25601	0.9574404427989079
Q2919046	7	25608	0.957702232693818
Q599151	7	25615	0.957964022588728
Q780596	7	25622	0.9582258124836381
Q8963721	7	25629	0.9584876023785482
Q955464	7	25636	0.9587493922734582
Q10732476	6	25642	0.9589737836119526
Q109093961	6	25648	0.9591981749504469
Q11710359	6	25654	0.9594225662889413
Q1423891	6	25660	0.9596469576274356
Q1475726	6	25666	0.95987134896593
Q18524075	6	25672	0.9600957403044242
Q212980	6	25678	0.9603201316429186
Q21491495	6	25684	0.9605445229814129
Q2478141	6	25690	0.9607689143199073
Q3282637	6	25696	0.9609933056584016
Q36834	6	25702	0.961217696996896
Q42296463	6	25708	0.9614420883353902
Q852389	6	25714	0.9616664796738846
Q864380	6	25720	0.9618908710123789
Q10429346	5	25725	0.9620778637944576
Q108614246	5	25730	0.9622648565765362
Q14915627	5	25735	0.9624518493586147
Q15472169	5	25740	0.9626388421406934
Q15936497	5	25745	0.962825834922772
Q18844224	5	25750	0.9630128277048506
Q19961388	5	25755	0.9631998204869292
Q2004963	5	25760	0.9633868132690078
Q21272406	5	25765	0.9635738060510864
Q247797	5	25770	0.963760798833165
Q2640827	5	25775	0.9639477916152437
Q2732142	5	25780	0.9641347843973223
Q2904006	5	25785	0.9643217771794009
Q3029418	5	25790	0.9645087699614795
Q33999	5	25795	0.9646957627435581
Q38126150	5	25800	0.9648827555256367
Q47825396	5	25805	0.9650697483077153
Q5322166	5	25810	0.965256741089794
Q6051619	5	25815	0.9654437338718725
Q685433	5	25820	0.9656307266539511
Q76928813	5	25825	0.9658177194360298
Q783906	5	25830	0.9660047122181084
Q7940086	5	25835	0.966191705000187
Q96244884	5	25840	0.9663786977822656
Q10295465	4	25844	0.9665282920079284
Q10547393	4	25848	0.9666778862335914
Q1131236	4	25852	0.9668274804592543
Q11569986	4	25856	0.9669770746849171
Q11774202	4	25860	0.9671266689105801
Q12013238	4	25864	0.9672762631362429
Q132050	4	25868	0.9674258573619058
Q1326886	4	25872	0.9675754515875687
Q1414443	4	25876	0.9677250458132316
Q1479935	4	25880	0.9678746400388945
Q1483709	4	25884	0.9680242342645574
Q1569495	4	25888	0.9681738284902203
Q15924224	4	25892	0.9683234227158831
Q1731155	4	25896	0.9684730169415461
Q179985	4	25900	0.9686226111672089
Q1906857	4	25904	0.9687722053928718
Q1958649	4	25908	0.9689217996185348
Q2020172	4	25912	0.9690713938441976
Q2024200	4	25916	0.9692209880698605
Q2095549	4	25920	0.9693705822955234
Q2306091	4	25924	0.9695201765211863
Q27645484	4	25928	0.9696697707468491
Q27645949	4	25932	0.9698193649725121
Q28692502	4	25936	0.9699689591981749
Q2961975	4	25940	0.9701185534238378
Q3075052	4	25944	0.9702681476495008
Q326653	4	25948	0.9704177418751636
Q3315492	4	25952	0.9705673361008265
Q3409375	4	25956	0.9707169303264894
Q372436	4	25960	0.9708665245521523
Q384593	4	25964	0.9710161187778151
Q38687772	4	25968	0.9711657130034781
Q4182927	4	25972	0.971315307229141
Q42308474	4	25976	0.9714649014548038
Q55630100	4	25980	0.9716144956804668
Q635734	4	25984	0.9717640899061296
Q7234072	4	25988	0.9719136841317925
Q88106009	4	25992	0.9720632783574554
Q897317	4	25996	0.9722128725831183
Q104415906	3	25999	0.9723250682523654
Q1114448	3	26002	0.9724372639216127
Q12020057	3	26005	0.9725494595908598
Q12038843	3	26008	0.972661655260107
Q12094958	3	26011	0.9727738509293541
Q14089670	3	26014	0.9728860465986013
Q15255771	3	26017	0.9729982422678485
Q1558050	3	26020	0.9731104379370956
Q15623737	3	26023	0.9732226336063428
Q15634281	3	26026	0.97333482927559
Q15977927	3	26029	0.9734470249448371
Q16021386	3	26032	0.9735592206140843
Q16037036	3	26035	0.9736714162833314
Q16063546	3	26038	0.9737836119525787
Q16258947	3	26041	0.9738958076218258
Q16267607	3	26044	0.974008003291073
Q16529590	3	26047	0.9741201989603201
Q16755977	3	26050	0.9742323946295673
Q1706722	3	26053	0.9743445902988145
Q17351648	3	26056	0.9744567859680616
Q175151	3	26059	0.9745689816373088
Q18242306	3	26062	0.974681177306556
Q18245236	3	26065	0.9747933729758032
Q193364	3	26068	0.9749055686450503
Q207978	3	26071	0.9750177643142974
Q211346	3	26074	0.9751299599835447
Q214917	3	26077	0.9752421556527918
Q21591523	3	26080	0.975354351322039
Q24262584	3	26083	0.9754665469912861
Q2447386	3	26086	0.9755787426605333
Q26271631	3	26089	0.9756909383297805
Q26936818	3	26092	0.9758031339990276
Q28004591	3	26095	0.9759153296682748
Q28319434	3	26098	0.976027525337522
Q28389	3	26101	0.9761397210067692
Q2873500	3	26104	0.9762519166760163
Q322170	3	26107	0.9763641123452634
Q329439	3	26110	0.9764763080145107
Q3391743	3	26113	0.9765885036837578
Q3704253	3	26116	0.976700699353005
Q37987929	3	26119	0.9768128950222521
Q3951423	3	26122	0.9769250906914994
Q4263842	3	26125	0.9770372863607465
Q4504549	3	26128	0.9771494820299936
Q4887411	3	26131	0.9772616776992408
Q548320	3	26134	0.977373873368488
Q56224063	3	26137	0.9774860690377352
Q60441566	3	26140	0.9775982647069823
Q61992319	3	26143	0.9777104603762294
Q65054941	3	26146	0.9778226560454767
Q6606110	3	26149	0.9779348517147238
Q66711686	3	26152	0.978047047383971
Q723682	3	26155	0.9781592430532181
Q728425	3	26158	0.9782714387224654
Q744738	3	26161	0.9783836343917125
Q7501153	3	26164	0.9784958300609596
Q765778	3	26167	0.9786080257302068
Q836904	3	26170	0.978720221399454
Q84321442	3	26173	0.9788324170687012
Q849424	3	26176	0.9789446127379483
Q88110554	3	26179	0.9790568084071954
Q9352089	3	26182	0.9791690040764427
Q947873	3	26185	0.9792811997456898
Q96061710	3	26188	0.979393395414937
Q99439671	3	26191	0.9795055910841841
Q104629540	2	26193	0.9795803881970157
Q104828277	2	26195	0.9796551853098471
Q10509151	2	26197	0.9797299824226785
Q106392835	2	26199	0.9798047795355099
Q106462696	2	26201	0.9798795766483414
Q1113838	2	26203	0.9799543737611728
Q116	2	26205	0.9800291708740043
Q1266283	2	26207	0.9801039679868357
Q12794619	2	26209	0.9801787650996672
Q1308620	2	26211	0.9802535622124986
Q1340643	2	26213	0.98032835932533
Q13416803	2	26215	0.9804031564381614
Q1350189	2	26217	0.980477953550993
Q13590141	2	26219	0.9805527506638244
Q1397808	2	26221	0.9806275477766558
Q1424605	2	26223	0.9807023448894873
Q14623005	2	26225	0.9807771420023187
Q15143191	2	26227	0.9808519391151501
Q1524582	2	26229	0.9809267362279817
Q15319501	2	26231	0.9810015333408131
Q15627169	2	26233	0.9810763304536445
Q157798	2	26235	0.9811511275664759
Q15839206	2	26237	0.9812259246793074
Q15949613	2	26239	0.9813007217921388
Q161944	2	26241	0.9813755189049703
Q16271428	2	26243	0.9814503160178017
Q16323111	2	26245	0.9815251131306332
Q16825962	2	26247	0.9815999102434646
Q191808	2	26249	0.981674707356296
Q1925963	2	26251	0.9817495044691275
Q1968442	2	26253	0.981824301581959
Q1979607	2	26255	0.9818990986947904
Q2000124	2	26257	0.9819738958076218
Q2066131	2	26259	0.9820486929204533
Q222344	2	26261	0.9821234900332847
Q23833535	2	26263	0.9821982871461161
Q23835475	2	26265	0.9822730842589477
Q24040377	2	26267	0.9823478813717791
Q2405480	2	26269	0.9824226784846105
Q2443377	2	26271	0.9824974755974419
Q2468727	2	26273	0.9825722727102734
Q24716636	2	26275	0.9826470698231048
Q2504617	2	26277	0.9827218669359363
Q267640	2	26279	0.9827966640487678
Q270141	2	26281	0.9828714611615992
Q28466165	2	26283	0.9829462582744306
Q2865819	2	26285	0.983021055387262
Q2920595	2	26287	0.9830958525000935
Q2930613	2	26289	0.983170649612925
Q29958026	2	26291	0.9832454467257564
Q30029759	2	26293	0.9833202438385878
Q3029404	2	26295	0.9833950409514193
Q3242115	2	26297	0.9834698380642507
Q32947888	2	26299	0.9835446351770821
Q336221	2	26301	0.9836194322899137
Q3486937	2	26303	0.9836942294027451
Q37868118	2	26305	0.9837690265155765
Q38239859	2	26307	0.9838438236284079
Q39295553	2	26309	0.9839186207412394
Q39372574	2	26311	0.9839934178540708
Q42909	2	26313	0.9840682149669023
Q4379628	2	26315	0.9841430120797338
Q47462924	2	26317	0.9842178091925652
Q48282	2	26319	0.9842926063053966
Q499134	2	26321	0.984367403418228
Q50998292	2	26323	0.9844422005310595
Q5137366	2	26325	0.984516997643891
Q5428874	2	26327	0.9845917947567224
Q55982999	2	26329	0.9846665918695539
Q589298	2	26331	0.9847413889823853
Q7042855	2	26333	0.9848161860952167
Q7063944	2	26335	0.9848909832080481
Q7241052	2	26337	0.9849657803208797
Q7541856	2	26339	0.9850405774337111
Q776268	2	26341	0.9851153745465425
Q7888586	2	26343	0.985190171659374
Q83307	2	26345	0.9852649687722054
Q86135347	2	26347	0.9853397658850368
Q911554	2	26349	0.9854145629978683
Q96943145	2	26351	0.9854893601106998
Q97621558	2	26353	0.9855641572235312
Q101419594	1	26354	0.9856015557799469
Q101570375	1	26355	0.9856389543363626
Q102123287	1	26356	0.9856763528927783
Q1021386	1	26357	0.985713751449194
Q1021671	1	26358	0.9857511500056098
Q10370560	1	26359	0.9857885485620255
Q1039099	1	26360	0.9858259471184412
Q104188750	1	26361	0.985863345674857
Q104417834	1	26362	0.9859007442312727
Q104680	1	26363	0.9859381427876884
Q104853163	1	26364	0.9859755413441041
Q10501288	1	26365	0.9860129399005199
Q105418823	1	26366	0.9860503384569356
Q105756071	1	26367	0.9860877370133513
Q10639464	1	26368	0.986125135569767
Q10655125	1	26369	0.9861625341261827
Q10655178	1	26370	0.9861999326825984
Q106604812	1	26371	0.9862373312390141
Q1068947	1	26372	0.9862747297954298
Q10694573	1	26373	0.9863121283518457
Q107017212	1	26374	0.9863495269082614
Q107143364	1	26375	0.9863869254646771
Q10728636	1	26376	0.9864243240210928
Q107292086	1	26377	0.9864617225775085
Q10729326	1	26378	0.9864991211339242
Q107616948	1	26379	0.98653651969034
Q107711	1	26380	0.9865739182467557
Q10798782	1	26381	0.9866113168031714
Q10800557	1	26382	0.9866487153595871
Q108114975	1	26383	0.9866861139160028
Q108300820	1	26384	0.9867235124724185
Q10843263	1	26385	0.9867609110288343
Q108439375	1	26386	0.98679830958525
Q10855616	1	26387	0.9868357081416658
Q10866633	1	26388	0.9868731066980815
Q10873124	1	26389	0.9869105052544972
Q1090219	1	26390	0.9869479038109129
Q109120482	1	26391	0.9869853023673286
Q109292464	1	26392	0.9870227009237443
Q110041704	1	26393	0.98706009948016
Q1104153	1	26394	0.9870974980365758
Q110464255	1	26395	0.9871348965929915
Q11051391	1	26396	0.9871722951494072
Q110520887	1	26397	0.987209693705823
Q110853168	1	26398	0.9872470922622387
Q111023641	1	26399	0.9872844908186544
Q1111648	1	26400	0.9873218893750701
Q111811692	1	26401	0.9873592879314859
Q112234369	1	26402	0.9873966864879016
Q1125292	1	26403	0.9874340850443173
Q11303721	1	26404	0.987471483600733
Q113623892	1	26405	0.9875088821571487
Q113640527	1	26406	0.9875462807135644
Q1138244	1	26407	0.9875836792699801
Q114321034	1	26408	0.9876210778263959
Q11499929	1	26409	0.9876584763828117
Q115088092	1	26410	0.9876958749392274
Q11513337	1	26411	0.9877332734956431
Q116229137	1	26412	0.9877706720520588
Q116678856	1	26413	0.9878080706084745
Q117285300	1	26414	0.9878454691648902
Q11774156	1	26415	0.987882867721306
Q11796190	1	26416	0.9879202662777217
Q1181984	1	26417	0.9879576648341374
Q11971378	1	26418	0.9879950633905531
Q12049274	1	26419	0.9880324619469688
Q12059906	1	26420	0.9880698605033845
Q1209498	1	26421	0.9881072590598003
Q12144794	1	26422	0.9881446576162161
Q12177489	1	26423	0.9881820561726318
Q121998	1	26424	0.9882194547290475
Q1229025	1	26425	0.9882568532854632
Q12344332	1	26426	0.9882942518418789
Q12360779	1	26427	0.9883316503982946
Q12369333	1	26428	0.9883690489547103
Q12764792	1	26429	0.988406447511126
Q12803959	1	26430	0.9884438460675418
Q1294787	1	26431	0.9884812446239575
Q13235160	1	26432	0.9885186431803732
Q1327627	1	26433	0.988556041736789
Q13311320	1	26434	0.9885934402932047
Q13365770	1	26435	0.9886308388496204
Q13381572	1	26436	0.9886682374060362
Q13382608	1	26437	0.9887056359624519
Q1344452	1	26438	0.9887430345188676
Q13570226	1	26439	0.9887804330752833
Q13636225	1	26440	0.988817831631699
Q1368409	1	26441	0.9888552301881147
Q14009165	1	26442	0.9888926287445304
Q1402561	1	26443	0.9889300273009461
Q1402736	1	26444	0.9889674258573619
Q140686	1	26445	0.9890048244137777
Q1416611	1	26446	0.9890422229701934
Q1419997	1	26447	0.9890796215266091
Q14284	1	26448	0.9891170200830248
Q14290559	1	26449	0.9891544186394405
Q1437754	1	26450	0.9891918171958562
Q1454940	1	26451	0.989229215752272
Q14556953	1	26452	0.9892666143086877
Q1459149	1	26453	0.9893040128651034
Q1491183	1	26454	0.9893414114215191
Q1500610	1	26455	0.9893788099779348
Q151197	1	26456	0.9894162085343505
Q152355	1	26457	0.9894536070907664
Q152478	1	26458	0.9894910056471821
Q1540278	1	26459	0.9895284042035978
Q15432439	1	26460	0.9895658027600135
Q15450044	1	26461	0.9896032013164292
Q15462162	1	26462	0.9896405998728449
Q155647	1	26463	0.9896779984292606
Q156839	1	26464	0.9897153969856763
Q15972912	1	26465	0.9897527955420921
Q15978655	1	26466	0.9897901940985078
Q15991218	1	26467	0.9898275926549235
Q16000367	1	26468	0.9898649912113392
Q160131	1	26469	0.989902389767755
Q16061291	1	26470	0.9899397883241707
Q16101735	1	26471	0.9899771868805864
Q16145150	1	26472	0.9900145854370022
Q1627196	1	26473	0.9900519839934179
Q16308156	1	26474	0.9900893825498336
Q16308157	1	26475	0.9901267811062493
Q16316337	1	26476	0.990164179662665
Q16513769	1	26477	0.9902015782190807
Q1657500	1	26478	0.9902389767754964
Q1660363	1	26479	0.9902763753319122
Q16611574	1	26480	0.9903137738883279
Q16658624	1	26481	0.9903511724447437
Q16742096	1	26482	0.9903885710011594
Q16875701	1	26483	0.9904259695575751
Q1690874	1	26484	0.9904633681139908
Q17001827	1	26485	0.9905007666704065
Q1709010	1	26486	0.9905381652268223
Q17167049	1	26487	0.990575563783238
Q17176618	1	26488	0.9906129623396537
Q1718016	1	26489	0.9906503608960694
Q17307272	1	26490	0.9906877594524851
Q17310497	1	26491	0.9907251580089008
Q173950	1	26492	0.9907625565653165
Q1743122	1	26493	0.9907999551217324
Q174592	1	26494	0.9908373536781481
Q17484288	1	26495	0.9908747522345638
Q17486321	1	26496	0.9909121507909795
Q17488392	1	26497	0.9909495493473952
Q1751254	1	26498	0.9909869479038109
Q1753370	1	26499	0.9910243464602266
Q1757008	1	26500	0.9910617450166423
Q1766113	1	26501	0.9910991435730581
Q177220	1	26502	0.9911365421294738
Q1792938	1	26503	0.9911739406858895
Q1800680	1	26504	0.9912113392423052
Q18120029	1	26505	0.991248737798721
Q1815782	1	26506	0.9912861363551367
Q18208210	1	26507	0.9913235349115525
Q18342390	1	26508	0.9913609334679682
Q18355878	1	26509	0.9913983320243839
Q1840507	1	26510	0.9914357305807996
Q18511915	1	26511	0.9914731291372153
Q185196	1	26512	0.991510527693631
Q18533509	1	26513	0.9915479262500467
Q18576582	1	26514	0.9915853248064624
Q18810149	1	26515	0.9916227233628782
Q188958	1	26516	0.9916601219192939
Q189010	1	26517	0.9916975204757097
Q1897112	1	26518	0.9917349190321254
Q1919436	1	26519	0.9917723175885411
Q19356817	1	26520	0.9918097161449568
Q19356916	1	26521	0.9918471147013725
Q19691902	1	26522	0.9918845132577883
Q20150172	1	26523	0.991921911814204
Q201559	1	26524	0.9919593103706197
Q20198542	1	26525	0.9919967089270354
Q20738526	1	26526	0.9920341074834511
Q20794925	1	26527	0.9920715060398668
Q20857490	1	26528	0.9921089045962825
Q2087619	1	26529	0.9921463031526984
Q208762	1	26530	0.9921837017091141
Q2088877	1	26531	0.9922211002655298
Q21141408	1	26532	0.9922584988219455
Q2135538	1	26533	0.9922958973783612
Q21484199	1	26534	0.9923332959347769
Q21507004	1	26535	0.9923706944911926
Q21546358	1	26536	0.9924080930476084
Q21600439	1	26537	0.9924454916040241
Q21771805	1	26538	0.9924828901604398
Q2180295	1	26539	0.9925202887168555
Q219184	1	26540	0.9925576872732712
Q22082717	1	26541	0.992595085829687
Q2248623	1	26542	0.9926324843861027
Q22923679	1	26543	0.9926698829425185
Q2294052	1	26544	0.9927072814989342
Q23038345	1	26545	0.9927446800553499
Q23038410	1	26546	0.9927820786117656
Q2341443	1	26547	0.9928194771681813
Q23498	1	26548	0.992856875724597
Q23656820	1	26549	0.9928942742810127
Q23719406	1	26550	0.9929316728374284
Q23906216	1	26551	0.9929690713938442
Q24056480	1	26552	0.9930064699502599
Q24266767	1	26553	0.9930438685066757
Q2490358	1	26554	0.9930812670630914
Q25051941	1	26555	0.9931186656195071
Q25393460	1	26556	0.9931560641759228
Q254651	1	26557	0.99319346273233855
Q255274	1	26558	0.9932308612887543
Q2556132	1	26559	0.99326825984517
Q2566598	1	26560	0.9933056584015857
Q2576499	1	26561	0.9933430569580014
Q2586319	1	26562	0.9933804555144171
Q2627699	1	26563	0.9934178540708328
Q264323	1	26564	0.9934552526272485
Q2675537	1	26565	0.9934926511836644
Q26832546	1	26566	0.9935300497400801
Q27068070	1	26567	0.9935674482964958
Q27214348	1	26568	0.9936048468529115
Q2730732	1	26569	0.9936422454093272
Q2743689	1	26570	0.9936796439657429
Q27496075	1	26571	0.9937170425221586
Q2800373	1	26572	0.9937544410785744
Q28008528	1	26573	0.9937918396349901
Q28136343	1	26574	0.9938292381914058
Q28136886	1	26575	0.9938666367478215
Q2824523	1	26576	0.9939040353042372
Q2855502	1	26577	0.993941433860653
Q285759	1	26578	0.9939788324170687
Q28776412	1	26579	0.9940162309734845
Q28947943	1	26580	0.9940536295299002
Q2896489	1	26581	0.9940910280863159
Q29026159	1	26582	0.9941284266427316
Q29169143	1	26583	0.9941658251991473
Q2923662	1	26584	0.994203223755563
Q2926103	1	26585	0.9942406223119787
Q29367579	1	26586	0.9942780208683945
Q29452088	1	26587	0.9943154194248102
Q2957754	1	26588	0.9943528179812259
Q2962020	1	26589	0.9943902165376417
Q29887242	1	26590	0.9944276150940574
Q2994439	1	26591	0.9944650136504731
Q29948997	1	26592	0.9945024122068888
Q3029407	1	26593	0.9945398107633046
Q319544	1	26594	0.9945772093197203
Q322898	1	26595	0.994614607876136
Q3246315	1	26596	0.9946520064325517
Q3247461	1	26597	0.9946894049889674
Q328325	1	26598	0.9947268035453831
Q33083143	1	26599	0.9947642021017988
Q33109310	1	26600	0.9948016006582145
Q335757	1	26601	0.9948389992146304
Q3400050	1	26602	0.9948763977710461
Q3406827	1	26603	0.9949137963274618
Q3406834	1	26604	0.9949511948838775
Q3408848	1	26605	0.9949885934402932
Q3507251	1	26606	0.9950259919967089
Q35535	1	26607	0.9950633905531246
Q356139	1	26608	0.9951007891095404
Q3589290	1	26609	0.9951381876659561
Q3644587	1	26610	0.9951755862223718
Q3756713	1	26611	0.9952129847787875
Q3798487	1	26612	0.9952503833352032
Q382617	1	26613	0.995287781891619
Q388338	1	26614	0.9953251804480348
Q38883	1	26615	0.9953625790044505
Q392651	1	26616	0.9953999775608662
Q4070300	1	26617	0.9954373761172819
Q408832	1	26618	0.9954747746736976
Q41493761	1	26619	0.9955121732301133
Q41583	1	26620	0.995549571786529
Q4164507	1	26621	0.9955869703429447
Q41689495	1	26622	0.9956243688993605
Q4178004	1	26623	0.9956617674557762
Q41799705	1	26624	0.9956991660121919
Q418	1	26625	0.9957365645686077
Q42331263	1	26626	0.9957739631250234
Q42510715	1	26627	0.9958113616814391
Q43667189	1	26628	0.9958487602378548
Q4459623	1	26629	0.9958861587942706
Q4491179	1	26630	0.9959235573506863
Q45023940	1	26631	0.995960955907102
Q45052431	1	26632	0.9959983544635177
Q45916489	1	26633	0.9960357530199334
Q45920048	1	26634	0.9960731515763491
Q4594605	1	26635	0.9961105501327648
Q46540766	1	26636	0.9961479486891806
Q46926120	1	26637	0.9961853472455964
Q47004387	1	26638	0.9962227458020121
Q47529145	1	26639	0.9962601443584278
Q47670178	1	26640	0.9962975429148435
Q48357783	1	26641	0.9963349414712592
Q486748	1	26642	0.9963723400276749
Q487596	1	26643	0.9964097385840907
Q4989857	1	26644	0.9964471371405064
Q500251	1	26645	0.9964845356969221
Q50118159	1	26646	0.9965219342533378
Q5036514	1	26647	0.9965593328097535
Q50418136	1	26648	0.9965967313661692
Q51073295	1	26649	0.996634129922585
Q51073349	1	26650	0.9966715284790008
Q51073489	1	26651	0.9967089270354165
Q51073526	1	26652	0.9967463255918322
Q5116158	1	26653	0.9967837241482479
Q512345	1	26654	0.9968211227046636
Q516463	1	26655	0.9968585212610793
Q516590	1	26656	0.996895919817495
Q52769526	1	26657	0.9969333183739107
Q5287556	1	26658	0.9969707169303265
Q5352191	1	26659	0.9970081154867422
Q53751363	1	26660	0.9970455140431579
Q53754070	1	26661	0.9970829125995737
Q54475348	1	26662	0.9971203111559894
Q5468707	1	26663	0.9971577097124051
Q5482740	1	26664	0.9971951082688209
Q55235315	1	26665	0.9972325068252366
Q559597	1	26666	0.9972699053816523
Q561457	1	26667	0.997307303938068
Q56447380	1	26668	0.9973447024944837
Q5716684	1	26669	0.9973821010508994
Q57774874	1	26670	0.9974194996073151
Q578109	1	26671	0.9974568981637308
Q57972483	1	26672	0.9974942967201466
Q587524	1	26673	0.9975316952765624
Q58968	1	26674	0.9975690938329781
Q59212140	1	26675	0.9976064923893938
Q59294814	1	26676	0.9976438909458095
Q592996	1	26677	0.9976812895022252
Q59924426	1	26678	0.997718688058641
Q6005272	1	26679	0.9977560866150567
Q600751	1	26680	0.9977934851714724
Q60462032	1	26681	0.9978308837278881
Q60620926	1	26682	0.9978682822843038
Q613097	1	26683	0.9979056808407195
Q61820542	1	26684	0.9979430793971352
Q61996187	1	26685	0.997980477953551
Q620573	1	26686	0.9980178765099668
Q62554577	1	26687	0.9980552750663825
Q627325	1	26688	0.9980926736227982
Q63759080	1	26689	0.9981300721792139
Q64213888	1	26690	0.9981674707356296
Q64416359	1	26691	0.9982048692920453
Q64733534	1	26692	0.998242267848461
Q6491450	1	26693	0.9982796664048768
Q651327	1	26694	0.9983170649612925
Q662729	1	26695	0.9983544635177082
Q66495020	1	26696	0.9983918620741239
Q6731168	1	26697	0.9984292606305397
Q6827278	1	26698	0.9984666591869554
Q683754	1	26699	0.9985040577433711
Q69319917	1	26700	0.9985414562997869
Q7019111	1	26701	0.9985788548562026
Q71049973	1	26702	0.9986162534126183
Q71102034	1	26703	0.998653651969034
Q71133019	1	26704	0.9986910505254497
Q713200	1	26705	0.9987284490818654
Q7156771	1	26706	0.9987658476382811
Q7201517	1	26707	0.9988032461946968
Q720362	1	26708	0.9988406447511126
Q7309424	1	26709	0.9988780433075284
Q7313543	1	26710	0.9989154418639441
Q733786	1	26711	0.9989528404203598
Q73486245	1	26712	0.9989902389767755
Q742628	1	26713	0.9990276375331912
Q752129	1	26714	0.999065036089607
Q755070	1	26715	0.9991024346460227
Q7643464	1	26716	0.9991398332024384
Q8011071	1	26717	0.9991772317588541
Q80687	1	26718	0.9992146303152698
Q811620	1	26719	0.9992520288716855
Q819677	1	26720	0.9992894274281012
Q820998	1	26721	0.999326825984517
Q82594	1	26722	0.9993642245409328
Q829020	1	26723	0.9994016230973485
Q829064	1	26724	0.9994390216537642
Q8359428	1	26725	0.9994764202101799
Q838811	1	26726	0.9995138187665956
Q842811	1	26727	0.9995512173230113
Q8473	1	26728	0.999588615879427
Q87841411	1	26729	0.9996260144358428
Q88106941	1	26730	0.9996634129922585
Q881836	1	26731	0.9997008115486742
Q883231	1	26732	0.9997382101050899
Q899758	1	26733	0.9997756086615057
Q93469866	1	26734	0.9998130072179214
Q937857	1	26735	0.9998504057743371
Q97093762	1	26736	0.9998878043307529
Q97578346	1	26737	0.9999252028871686
Q98833890	1	26738	0.9999626014435843
Q998550	1	26739	1
