snak	n	cum	cump
Q2374149	2576	2576	0.3881856540084388
Q2083925	478	3054	0.4602169981916817
Q1622272	346	3400	0.5123568414707655
Q11900058	299	3699	0.5574141048824593
Q2487799	195	3894	0.5867992766726944
Q18805	154	4048	0.6100060277275468
Q3055126	134	4182	0.6301989150090416
Q39631	129	4311	0.6496383363471971
Q350979	119	4430	0.6675708257986739
Q864503	98	4528	0.6823387582881254
Q15924544	95	4623	0.6966546112115732
Q674426	90	4713	0.7102169981916817
Q36180	88	4801	0.7234779987944545
Q16334509	83	4884	0.7359855334538878
Q1225716	73	4957	0.7469861362266426
Q16334507	72	5029	0.7578360458107294
Q105186	63	5092	0.7673297166968053
Q109120509	59	5151	0.7762206148282098
Q901402	53	5204	0.784207353827607
Q520549	48	5252	0.7914406268836649
Q37226	46	5298	0.798372513562387
Q82955	46	5344	0.805304400241109
Q1650915	44	5388	0.8119349005424955
Q4773904	43	5431	0.818414707655214
Q1662561	37	5468	0.8239903556359253
Q33231	29	5497	0.8283604581072935
Q593644	29	5526	0.8327305605786618
Q758780	28	5554	0.8369499698613623
Q15839134	27	5581	0.8410186859553949
Q121594	26	5607	0.8449367088607594
Q774306	26	5633	0.8488547317661241
Q219477	24	5657	0.8524713682941532
Q3148760	23	5680	0.8559373116335142
Q19507792	22	5702	0.8592525617842074
Q22813352	22	5724	0.8625678119349005
Q3621491	21	5745	0.8657323688969258
Q1907198	20	5765	0.8687462326702833
Q193391	17	5782	0.8713080168776371
Q497294	17	5799	0.8738698010849909
Q98544732	17	5816	0.8764315852923448
Q1028181	16	5832	0.8788426763110307
Q1371378	16	5848	0.8812537673297167
Q16271261	16	5864	0.8836648583484027
Q1231865	15	5879	0.8859252561784208
Q12358881	15	5894	0.8881856540084389
Q3140857	15	5909	0.8904460518384569
Q47064	14	5923	0.8925557564798071
Q5758653	14	5937	0.8946654611211573
Q81096	14	5951	0.8967751657625075
Q1781198	13	5964	0.8987341772151899
Q33112416	13	5977	0.9006931886678722
Q644687	13	5990	0.9026522001205546
Q1234713	12	6002	0.904460518384569
Q169470	12	6014	0.9062688366485835
Q4205432	12	6026	0.908077154912598
Q901	12	6038	0.9098854731766124
Q189290	11	6049	0.911543098251959
Q1930187	11	6060	0.9132007233273056
Q1937330	11	6071	0.9148583484026522
Q13416354	10	6081	0.916365280289331
Q14467526	10	6091	0.9178722121760097
Q15980158	10	6101	0.9193791440626884
Q250867	10	6111	0.9208860759493671
Q17765219	9	6120	0.9222423146473779
Q182436	9	6129	0.9235985533453888
Q201788	9	6138	0.9249547920433996
Q215536	9	6147	0.9263110307414105
Q4002666	9	6156	0.9276672694394213
Q16271064	8	6164	0.9288728149487643
Q170790	8	6172	0.9300783604581073
Q17344952	8	6180	0.9312839059674503
Q1734662	8	6188	0.9324894514767933
Q1895303	8	6196	0.9336949969861362
Q3243461	8	6204	0.9349005424954792
Q10333969	7	6211	0.9359553948161543
Q12347522	7	6218	0.9370102471368295
Q15296811	7	6225	0.9380650994575045
Q1607826	7	6232	0.9391199517781796
Q16868721	7	6239	0.9401748040988547
Q2055046	7	6246	0.9412296564195298
Q212238	7	6253	0.942284508740205
Q2310145	7	6260	0.94333936106088
Q4964182	7	6267	0.9443942133815552
Q49757	7	6274	0.9454490657022303
Q30059961	6	6280	0.9463532248342374
Q32518759	6	6286	0.9472573839662447
Q3400985	6	6292	0.948161543098252
Q42603	6	6298	0.9490657022302592
Q482980	6	6304	0.9499698613622665
Q9149093	6	6310	0.9508740204942736
Q10272925	5	6315	0.951627486437613
Q10498147	5	6320	0.9523809523809523
Q333634	5	6325	0.9531344183242917
Q40348	5	6330	0.953887884267631
Q43845	5	6335	0.9546413502109705
Q483501	5	6340	0.9553948161543099
Q185351	4	6344	0.9559975889089813
Q188094	4	6348	0.9566003616636528
Q2114605	4	6352	0.9572031344183243
Q3126128	4	6356	0.9578059071729957
Q3640160	4	6360	0.9584086799276673
Q3779582	4	6364	0.9590114526823388
Q446966	4	6368	0.9596142254370102
Q10872101	3	6371	0.9600663050030138
Q131512	3	6374	0.9605183845690175
Q131524	3	6377	0.9609704641350211
Q15936497	3	6380	0.9614225437010248
Q1595570	3	6383	0.9618746232670283
Q16060693	3	6386	0.9623267028330319
Q21550888	3	6389	0.9627787823990356
Q27349	3	6392	0.9632308619650392
Q294126	3	6395	0.9636829415310428
Q325855	3	6398	0.9641350210970464
Q3578589	3	6401	0.96458710066305
Q3579035	3	6404	0.9650391802290537
Q3745071	3	6407	0.9654912597950572
Q42296463	3	6410	0.9659433393610609
Q42973	3	6413	0.9663954189270645
Q47825396	3	6416	0.9668474984930681
Q599151	3	6419	0.9672995780590717
Q7940086	3	6422	0.9677516576250753
Q110861666	2	6424	0.9680530440024111
Q1162163	2	6426	0.9683544303797469
Q12013238	2	6428	0.9686558167570826
Q12773412	2	6430	0.9689572031344184
Q1308620	2	6432	0.969258589511754
Q13418253	2	6434	0.9695599758890898
Q13582652	2	6436	0.9698613622664256
Q1423891	2	6438	0.9701627486437613
Q14915627	2	6440	0.9704641350210971
Q15472169	2	6442	0.9707655213984328
Q15627169	2	6444	0.9710669077757685
Q16021386	2	6446	0.9713682941531043
Q16063497	2	6448	0.97166968053044
Q1731155	2	6450	0.9719710669077758
Q17488316	2	6452	0.9722724532851115
Q1792450	2	6454	0.9725738396624473
Q18524075	2	6456	0.972875226039783
Q18814623	2	6458	0.9731766124171187
Q202883	2	6460	0.9734779987944545
Q21281706	2	6462	0.9737793851717902
Q2447386	2	6464	0.974080771549126
Q2516866	2	6466	0.9743821579264618
Q2640827	2	6468	0.9746835443037974
Q2815948	2	6470	0.9749849306811332
Q3368718	2	6472	0.9752863170584689
Q36834	2	6474	0.9755877034358047
Q3704253	2	6476	0.9758890898131405
Q3746192	2	6478	0.9761904761904762
Q43095928	2	6480	0.976491862567812
Q4991371	2	6482	0.9767932489451476
Q51073295	2	6484	0.9770946353224834
Q66711686	2	6486	0.9773960216998192
Q780596	2	6488	0.9776974080771549
Q806798	2	6490	0.9779987944544907
Q10509151	1	6491	0.9781494876431586
Q10547393	1	6492	0.9783001808318263
Q1056391	1	6493	0.9784508740204942
Q10669499	1	6494	0.9786015672091621
Q11063	1	6495	0.97875226039783
Q110853168	1	6496	0.9789029535864979
Q1113838	1	6497	0.9790536467751657
Q112234369	1	6498	0.9792043399638336
Q1125292	1	6499	0.9793550331525015
Q1131236	1	6500	0.9795057263411694
Q113623892	1	6501	0.9796564195298373
Q1138244	1	6502	0.9798071127185051
Q114321034	1	6503	0.979957805907173
Q11513337	1	6504	0.9801084990958409
Q11741162	1	6505	0.9802591922845088
Q11796190	1	6506	0.9804098854731766
Q118727241	1	6507	0.9805605786618445
Q12020057	1	6508	0.9807112718505123
Q121998	1	6509	0.9808619650391802
Q12328016	1	6510	0.9810126582278481
Q12360779	1	6511	0.981163351416516
Q12362622	1	6512	0.9813140446051839
Q1251349	1	6513	0.9814647377938517
Q132050	1	6514	0.9816154309825196
Q13311320	1	6515	0.9817661241711875
Q13382749	1	6516	0.9819168173598554
Q13590141	1	6517	0.9820675105485233
Q1397808	1	6518	0.982218203737191
Q1437754	1	6519	0.9823688969258589
Q1454940	1	6520	0.9825195901145268
Q14972848	1	6521	0.9826702833031947
Q15143191	1	6522	0.9828209764918626
Q152002	1	6523	0.9829716696805304
Q15255771	1	6524	0.9831223628691983
Q15816836	1	6525	0.9832730560578662
Q15839206	1	6526	0.9834237492465341
Q15924224	1	6527	0.983574442435202
Q15991218	1	6528	0.9837251356238698
Q16063546	1	6529	0.9838758288125377
Q16101735	1	6530	0.9840265220012056
Q16258947	1	6531	0.9841772151898734
Q16533	1	6532	0.9843279083785413
Q1657500	1	6533	0.9844786015672091
Q1661231	1	6534	0.984629294755877
Q16742175	1	6535	0.9847799879445449
Q16825962	1	6536	0.9849306811332128
Q16831394	1	6537	0.9850813743218807
Q1690874	1	6538	0.9852320675105485
Q16947657	1	6539	0.9853827606992164
Q17001827	1	6540	0.9855334538878843
Q1714828	1	6541	0.9856841470765522
Q1718016	1	6542	0.9858348402652201
Q17269204	1	6543	0.9859855334538878
Q17488363	1	6544	0.9861362266425557
Q17505902	1	6545	0.9862869198312236
Q1818899	1	6546	0.9864376130198915
Q18242306	1	6547	0.9865883062085594
Q18576582	1	6548	0.9867389993972272
Q189010	1	6549	0.9868896925858951
Q1906857	1	6550	0.987040385774563
Q1958649	1	6551	0.9871910789632309
Q20198542	1	6552	0.9873417721518988
Q2020172	1	6553	0.9874924653405666
Q2066131	1	6554	0.9876431585292345
Q207978	1	6555	0.9877938517179023
Q20857490	1	6556	0.9879445449065702
Q208762	1	6557	0.9880952380952381
Q21244999	1	6558	0.9882459312839059
Q21272406	1	6559	0.9883966244725738
Q212980	1	6560	0.9885473176612417
Q21591523	1	6561	0.9886980108499096
Q21771805	1	6562	0.9888487040385775
Q2251335	1	6563	0.9889993972272453
Q2306091	1	6564	0.9891500904159132
Q23656820	1	6565	0.9893007836045811
Q24262584	1	6566	0.989451476793249
Q247797	1	6567	0.9896021699819169
Q25393460	1	6568	0.9897528631705846
Q264323	1	6569	0.9899035563592525
Q267640	1	6570	0.9900542495479204
Q270141	1	6571	0.9902049427365883
Q2732142	1	6572	0.9903556359252562
Q27497422	1	6573	0.990506329113924
Q27532437	1	6574	0.9906570223025919
Q28004591	1	6575	0.9908077154912598
Q28319434	1	6576	0.9909584086799277
Q28789517	1	6577	0.9911091018685956
Q2919046	1	6578	0.9912597950572634
Q29887242	1	6579	0.9914104882459313
Q29958026	1	6580	0.9915611814345991
Q3242115	1	6581	0.991711874623267
Q329439	1	6582	0.9918625678119349
Q3391743	1	6583	0.9920132610006027
Q34463094	1	6584	0.9921639541892706
Q3486937	1	6585	0.9923146473779385
Q3546255	1	6586	0.9924653405666064
Q37987929	1	6587	0.9926160337552743
Q38239859	1	6588	0.9927667269439421
Q384593	1	6589	0.99291742013261
Q392651	1	6590	0.9930681133212779
Q4070300	1	6591	0.9932188065099458
Q43667189	1	6592	0.9933694996986137
Q4379628	1	6593	0.9935201928872816
Q4504549	1	6594	0.9936708860759493
Q462390	1	6595	0.9938215792646172
Q47090899	1	6596	0.9939722724532851
Q47462924	1	6597	0.994122965641953
Q47529145	1	6598	0.9942736588306209
Q486748	1	6599	0.9944243520192887
Q487596	1	6600	0.9945750452079566
Q50418136	1	6601	0.9947257383966245
Q5371902	1	6602	0.9948764315852924
Q5428874	1	6603	0.9950271247739603
Q548320	1	6604	0.995177817962628
Q55235315	1	6605	0.995328511151296
Q55630100	1	6606	0.9954792043399638
Q579021	1	6607	0.9956298975286317
Q589298	1	6608	0.9957805907172996
Q600751	1	6609	0.9959312839059674
Q60244908	1	6610	0.9960819770946353
Q6051619	1	6611	0.9962326702833032
Q61820542	1	6612	0.9963833634719711
Q635734	1	6613	0.996534056660639
Q63865107	1	6614	0.9966847498493068
Q639669	1	6615	0.9968354430379747
Q641208	1	6616	0.9969861362266426
Q66310338	1	6617	0.9971368294153105
Q694116	1	6618	0.9972875226039783
Q7313543	1	6619	0.9974382157926461
Q733786	1	6620	0.997588908981314
Q744738	1	6621	0.9977396021699819
Q765778	1	6622	0.9978902953586498
Q783906	1	6623	0.9980409885473177
Q7888586	1	6624	0.9981916817359855
Q80687	1	6625	0.9983423749246534
Q822146	1	6626	0.9984930681133213
Q829064	1	6627	0.9986437613019892
Q852389	1	6628	0.9987944544906571
Q860918	1	6629	0.9989451476793249
Q864380	1	6630	0.9990958408679927
Q876864	1	6631	0.9992465340566606
Q93469866	1	6632	0.9993972272453285
Q947873	1	6633	0.9995479204339964
Q955464	1	6634	0.9996986136226642
Q96061710	1	6635	0.9998493068113321
Q96244884	1	6636	1
